113
292 279 
290 294 
268 296 
253 293 
241 287 
242 277 
247 271 
256 267 
245 257 
222 255 
206 261 
202 277 
195 283 
172 286 
162 278 
160 266 
164 259 
149 257 
135 268 
134 281 
116 287 
96 280 
87 271 
95 259 
111 251 
114 240 
88 248 
76 261 
52 253 
46 233 
58 221 
80 216 
111 221 
121 231 
131 242 
143 243 
159 236 
178 249 
179 260 
177 263 
181 271 
194 266 
202 255 
209 247 
222 241 
266 250 
270 263 
265 274 
274 283 
287 273 
292 255 
283 237 
267 226 
237 220 
196 214 
164 215 
131 213 
105 212 
74 207 
45 201 
33 187 
28 161 
44 119 
82 114 
104 140 
171 153 
188 125 
170 106 
147 113 
162 124 
169 135 
156 139 
149 136 
138 127 
126 116 
113 101 
80 97 
49 92 
42 68 
56 51 
91 45 
143 46 
179 53 
212 63 
230 76 
215 124 
207 143 
208 161 
237 157 
249 141 
261 113 
265 83 
257 63 
233 49 
220 42 
253 33 
277 39 
289 51 
298 81 
293 102 
286 136 
274 166 
258 174 
209 177 
176 176 
187 194 
224 197 
272 194 
295 203 
298 213 
300 235 
299 250 
295 274