295 9
279 32 
295 47 
283 58 
295 69 
286 76 
297 90 
278 105 
290 112 
282 122 
297 132 
287 139 
295 148 
286 161 
293 171 
284 187 
288 195 
281 205 
294 210 
281 228
295 235 
282 244 
299 263 
278 271 
284 287 
269 288 
256 285 
252 295 
239 284 
224 296 
205 283 
194 295 
178 279 
168 296 
155 282 
142 292 
129 285 
121 297 
115 288 
107 298 
100 289 
85 285 
77 294 
63 284 
59 298 
50 287 
45 296 
39 287 
30 294 
22 290 
14 296 
10 286 
16 274 
24 270 
15 267 
17 255 
8 243 
15 231 
11 224 
19 214 
9 206 
16 193 
10 187 
18 177 
13 171 
18 161 
12 153 
25 143 
11 132 
28 119 
13 104 
19 101 
12 93 
20 85 
16 79 
27 75 
10 67 
18 56 
5 45 
22 35 
6 22 
10 16 
27 6 
41 15 
39 28 
48 36 
41 50 
56 68 
48 74 
58 84 
48 90 
60 102 
67 120 
54 129 
68 149 
55 162 
63 172 
59 183 
52 191 
64 210 
55 217 
68 230 
59 249 
70 257 
87 260 
94 253 
106 247 
121 242 
127 252 
141 264 
152 251 
154 232 
128 225 
113 216 
112 129 
131 88 
168 78 
194 93 
207 123 
209 155 
197 178 
198 199 
200 211 
187 225 
179 243 
184 253 
202 257 
224 249 
233 262 
243 248 
262 232 
247 217 
259 203 
243 188 
263 179 
258 167 
270 157 
264 144 
274 131 
262 112 
267 96 
257 79 
271 59 
257 44 
266 34 
255 19 
272 17 
281 7
