500
1500 500
1499 512
1499 525
1499 537
1498 550
1498 562
1497 575
1496 587
1494 600
1493 612
1492 625
1490 637
1488 650
1486 662
1484 675
1482 687
1479 699
1477 712
1474 724
1471 736
1468 748
1465 760
1462 772
1458 785
1454 797
1451 809
1447 820
1442 832
1438 844
1434 856
1429 868
1425 879
1420 891
1415 902
1410 914
1404 925
1399 937
1393 948
1388 959
1382 970
1376 981
1370 992
1363 1003
1357 1014
1350 1025
1344 1035
1337 1046
1330 1056
1323 1067
1316 1077
1309 1087
1301 1097
1293 1107
1286 1117
1278 1127
1270 1137
1262 1147
1254 1156
1245 1166
1237 1175
1228 1184
1220 1193
1211 1202
1202 1211
1193 1220
1184 1228
1175 1237
1166 1245
1156 1254
1147 1262
1137 1270
1127 1278
1117 1286
1107 1293
1097 1301
1087 1309
1077 1316
1067 1323
1056 1330
1046 1337
1035 1344
1025 1350
1014 1357
1003 1363
992 1370
981 1376
970 1382
959 1388
948 1393
937 1399
925 1404
914 1410
902 1415
891 1420
879 1425
868 1429
856 1434
844 1438
832 1442
820 1447
809 1451
797 1454
785 1458
772 1462
760 1465
748 1468
736 1471
724 1474
712 1477
699 1479
687 1482
675 1484
662 1486
650 1488
637 1490
625 1492
612 1493
600 1494
587 1496
575 1497
562 1498
550 1498
537 1499
525 1499
512 1499
500 1500
487 1499
474 1499
462 1499
449 1498
437 1498
424 1497
412 1496
399 1494
387 1493
374 1492
362 1490
349 1488
337 1486
324 1484
312 1482
300 1479
287 1477
275 1474
263 1471
251 1468
239 1465
227 1462
214 1458
202 1454
190 1451
179 1447
167 1442
155 1438
143 1434
131 1429
120 1425
108 1420
97 1415
85 1410
74 1404
62 1399
51 1393
40 1388
29 1382
18 1376
7 1370
-3 1363
-14 1357
-25 1350
-35 1344
-46 1337
-56 1330
-67 1323
-77 1316
-87 1309
-97 1301
-107 1293
-117 1286
-127 1278
-137 1270
-147 1262
-156 1254
-166 1245
-175 1237
-184 1228
-193 1220
-202 1211
-211 1202
-220 1193
-228 1184
-237 1175
-245 1166
-254 1156
-262 1147
-270 1137
-278 1127
-286 1117
-293 1107
-301 1097
-309 1087
-316 1077
-323 1067
-330 1056
-337 1046
-344 1035
-350 1025
-357 1014
-363 1003
-370 992
-376 981
-382 970
-388 959
-393 948
-399 937
-404 925
-410 914
-415 902
-420 891
-425 879
-429 868
-434 856
-438 844
-442 832
-447 820
-451 809
-454 797
-458 785
-462 772
-465 760
-468 748
-471 736
-474 724
-477 712
-479 699
-482 687
-484 675
-486 662
-488 650
-490 637
-492 625
-493 612
-494 600
-496 587
-497 575
-498 562
-498 550
-499 537
-499 525
-499 512
-500 500
-499 487
-499 474
-499 462
-498 449
-498 437
-497 424
-496 412
-494 399
-493 387
-492 374
-490 362
-488 349
-486 337
-484 324
-482 312
-479 300
-477 287
-474 275
-471 263
-468 251
-465 239
-462 227
-458 214
-454 202
-451 190
-447 179
-442 167
-438 155
-434 143
-429 131
-425 120
-420 108
-415 97
-410 85
-404 74
-399 62
-393 51
-388 40
-382 29
-376 18
-370 7
-363 -3
-357 -14
-350 -25
-344 -35
-337 -46
-330 -56
-323 -67
-316 -77
-309 -87
-301 -97
-293 -107
-286 -117
-278 -127
-270 -137
-262 -147
-254 -156
-245 -166
-237 -175
-228 -184
-220 -193
-211 -202
-202 -211
-193 -220
-184 -228
-175 -237
-166 -245
-156 -254
-147 -262
-137 -270
-127 -278
-117 -286
-107 -293
-97 -301
-87 -309
-77 -316
-67 -323
-56 -330
-46 -337
-35 -344
-25 -350
-14 -357
-3 -363
7 -370
18 -376
29 -382
40 -388
51 -393
62 -399
74 -404
85 -410
97 -415
108 -420
120 -425
131 -429
143 -434
155 -438
167 -442
179 -447
190 -451
202 -454
214 -458
227 -462
239 -465
251 -468
263 -471
275 -474
287 -477
300 -479
312 -482
324 -484
337 -486
349 -488
362 -490
374 -492
387 -493
399 -494
412 -496
424 -497
437 -498
449 -498
462 -499
474 -499
487 -499
499 -500
512 -499
525 -499
537 -499
550 -498
562 -498
575 -497
587 -496
600 -494
612 -493
625 -492
637 -490
650 -488
662 -486
675 -484
687 -482
699 -479
712 -477
724 -474
736 -471
748 -468
760 -465
772 -462
785 -458
797 -454
809 -451
820 -447
832 -442
844 -438
856 -434
868 -429
879 -425
891 -420
902 -415
914 -410
925 -404
937 -399
948 -393
959 -388
970 -382
981 -376
992 -370
1003 -363
1014 -357
1025 -350
1035 -344
1046 -337
1056 -330
1067 -323
1077 -316
1087 -309
1097 -301
1107 -293
1117 -286
1127 -278
1137 -270
1147 -262
1156 -254
1166 -245
1175 -237
1184 -228
1193 -220
1202 -211
1211 -202
1220 -193
1228 -184
1237 -175
1245 -166
1254 -156
1262 -147
1270 -137
1278 -127
1286 -117
1293 -107
1301 -97
1309 -87
1316 -77
1323 -67
1330 -56
1337 -46
1344 -35
1350 -25
1357 -14
1363 -3
1370 7
1376 18
1382 29
1388 40
1393 51
1399 62
1404 74
1410 85
1415 97
1420 108
1425 120
1429 131
1434 143
1438 155
1442 167
1447 179
1451 190
1454 202
1458 214
1462 227
1465 239
1468 251
1471 263
1474 275
1477 287
1479 300
1482 312
1484 324
1486 337
1488 349
1490 362
1492 374
1493 387
1494 399
1496 412
1497 424
1498 437
1498 449
1499 462
1499 474
1499 487
