1500 500
1499 531
1498 562
1495 594
1492 625
1487 656
1482 687
1475 718
1468 748
1460 778
1451 809
1440 838
1429 868
1417 897
1404 925
1391 953
1376 981
1360 1009
1344 1035
1327 1062
1309 1087
1290 1112
1270 1137
1250 1161
1228 1184
1207 1207
1184 1228
1161 1250
1137 1270
1112 1290
1087 1309
1062 1327
1035 1344
1009 1360
981 1376
953 1391
925 1404
897 1417
868 1429
838 1440
809 1451
778 1460
748 1468
718 1475
687 1482
656 1487
625 1492
594 1495
562 1498
531 1499
500 1500
468 1499
437 1498
405 1495
374 1492
343 1487
312 1482
281 1475
251 1468
221 1460
190 1451
161 1440
131 1429
102 1417
74 1404
46 1391
18 1376
-9 1360
-35 1344
-62 1327
-87 1309
-112 1290
-137 1270
-161 1250
-184 1228
-207 1207
-228 1184
-250 1161
-270 1137
-290 1112
-309 1087
-327 1062
-344 1035
-360 1009
-376 981
-391 953
-404 925
-417 897
-429 868
-440 838
-451 809
-460 778
-468 748
-475 718
-482 687
-487 656
-492 625
-495 594
-498 562
-499 531
-500 500
-499 468
-498 437
-495 405
-492 374
-487 343
-482 312
-475 281
-468 251
-460 221
-451 190
-440 161
-429 131
-417 102
-404 74
-391 46
-376 18
-360 -9
-344 -35
-327 -62
-309 -87
-290 -112
-270 -137
-250 -161
-228 -184
-207 -207
-184 -228
-161 -250
-137 -270
-112 -290
-87 -309
-62 -327
-35 -344
-9 -360
18 -376
46 -391
74 -404
102 -417
131 -429
161 -440
190 -451
221 -460
251 -468
281 -475
312 -482
343 -487
374 -492
405 -495
437 -498
468 -499
499 -500
531 -499
562 -498
594 -495
625 -492
656 -487
687 -482
718 -475
748 -468
778 -460
809 -451
838 -440
868 -429
897 -417
925 -404
953 -391
981 -376
1009 -360
1035 -344
1062 -327
1087 -309
1112 -290
1137 -270
1161 -250
1184 -228
1207 -207
1228 -184
1250 -161
1270 -137
1290 -112
1309 -87
1327 -62
1344 -35
1360 -9
1376 18
1391 46
1404 74
1417 102
1429 131
1440 161
1451 190
1460 221
1468 251
1475 281
1482 312
1487 343
1492 374
1495 405
1498 437
1499 468
